bf1 0.74 
bf2 1.89 
bf3 4.6 
bf4 27447916471561.8 
bf5 4.88 
bf6 589.07 
bf7 19962429844.92 
bf8 109.52 
bf9 1970846117.74 
bf10 0.15 
bf11 887.15 
bf12 594291.12 
bf13 0.24 
bf14 0.89 
bf15 0.19 
bf16 2.67 
bf17 0.12 
bf18 268157.84 
bf19 97581259283.98
0.74 1.89 4.6 27447916471561.8 4.88 589.07 19962429844.92 109.52 1970846117.74 0.15 887.15 594291.12 0.24 0.89 0.19 2.67 0.12 564913.15 97581259283.98
0.22 1.95 1.84 852.63 0.42 6.48 981.97 123.81 37.32 0.18 1.77 54.29 0.36 0.16 4.63 0.55 0.29 0.95 0
